# Iteration - Norme
1 -0.421457
2 -1.069626
3 -1.621581
4 -2.075461
5 -2.509929
6 -2.868756
7 -3.196060
8 -3.513052
9 -3.806971
10 -4.099707
11 -4.383461
12 -3.442311
13 -3.888964
14 -4.306711
15 -4.698262
16 -5.080377
17 -5.428392
18 -5.795100
19 -6.123516
20 -6.412030
21 -6.685442
22 -6.948784
23 -7.206846
24 -7.468274
25 -7.720816
26 -7.981012
27 -8.243733
28 -8.494485
29 -8.742913
30 -8.991853
31 -9.247051
32 -9.488603
33 -9.744150
34 -9.993765
35 -10.236518
36 -10.480344
37 -10.723138
38 -10.962379
39 -11.205772
40 -11.454637
41 -11.692121
# nbIterations - secondes
# 41 1.000000
