# Iteration - Norme
1 -0.421457
2 -1.069626
3 -1.621581
4 -2.075461
5 -2.509929
6 -2.868756
7 -3.196060
8 -3.513052
9 -3.806971
10 -4.099707
11 -4.383461
12 -4.667869
13 -4.953874
14 -5.245835
15 -5.524599
16 -5.804722
17 -6.071671
18 -6.336051
19 -6.598796
20 -6.858424
21 -7.114609
22 -7.374166
23 -7.634000
24 -7.885374
25 -8.142528
26 -8.395418
27 -8.647855
28 -8.898152
29 -9.150007
30 -9.397433
31 -9.645511
32 -9.893091
33 -10.138573
34 -10.384699
35 -10.632933
36 -10.878332
37 -11.126648
38 -11.372885
39 -11.615961
# nbIterations - secondes
# 39 1.000000
